1232.58 3846.39
2436 5560
2439 5124
2451 5160
1257.84 5631.76
1249.8 5481.65
1259.26 5291.34
1246.85 5166.85
1250.64 5028.15
1224.53 5356.78
1258.65 5675.67
1263.63 5650.02
1267.82 5634.13
1266.3 5630.91
1264.09 5627.72
1263.64 5624.5
1289.5 5660.38
2 2907
2114 2483
2457 2732
2459 3157
2467 2401
2481 2956
1260.13 2730.8
1214.81 2431.87
104 2330
155 2202
157 2204
171 2228
1481 2214
1485 2333
1592 2154
1847 2159
1979 2227
2110 2235
2119 2241
2207 2325
2274 2221
2328 2214
2444 2241
1199.28 2205.86
1212.09 2243.82
1207.53 2416.43
1215.19 2566.24
1223.7 2669.91
1219.8 2797.39
1207.83 2934.7
1217.11 3079.91
1216.54 3186.94
1220.6 3296.96
1221.88 3403.58
1223.07 3471.76
280 2125
628 2133
645 2053
655 2059
1201 2128
1309 2091
1327 2060
1355 2124
1500 2080
1717 2128
1804 2088
1806 2058
1881 2085
1949 2104
1964 2109
2368 2083
1203.11 2081.67
1329.01 3238.29
1321.51 2994.42
1267.97 2628.27
1222.37 2208.83
1200.77 3427.85
1206.72 3371.77
1202.32 3325.55
1191.57 3294.75
1194.46 3251.05
1198.29 3211.67
1196.39 3171.84
1197.36 3119.58
1191.51 3095.21
1192.8 3068.5
1194.39 3048.96
1197.77 3029.51
1195.02 3006.45
1195.06 2993.12
1195.94 2970.99
1199.71 2954.9
1200.45 2942.02
1202.32 2925.06
1201.63 2904.62
1205.95 2882.06
1202.52 2855.76
1202.76 2822.78
1201.95 2802.74
1200.72 2782.8
1197.29 2753.2
1196.55 2740.38
1195.44 2730.19
1201.99 2716.64
1202.28 2713.58
25 4339
107 4464
122 4444
158 4657
253 4855
279 4204
2295 4649
2378 4864
2413 4578
2428 4874
2433 4738
2438 4291
2447 4614
1250.68 4911.1
1254.39 4795.13
1241.16 4698.74
1230.48 4613.93
1234.97 4541.33
1229.69 4485.6
1228.88 4441.41
1226.45 4425.41
1231.71 4409.55
1232.85 4393.56
1230.02 4381.48
1230.6 4373.41
1231.72 4365.55
1233.65 4353.68
1234.6 4349.86
1233.96 4345.84
1234.43 4341.81
606.137 4540.84
834.282 4582.31
1043.4 4539.71
1188.25 4436.89
1228.03 4356.02
1236.86 4260.99
60 3901
63 3965
139 3946
170 3779
177 3709
198 3948
228 3735
239 4117
246 3679
1133 3773
2109 3991
2121 3877
2124 3678
2130 3828
2133 4077
2186 3955
2215 3840
2217 3675
2227 3879
2232 3931
2241 4017
2297 3683
2300 3640
2346 3755
2372 3616
2404 4032
1229.55 3527.81
1233.15 3572.91
1234.92 3595.28
1238.02 3621.4
1234.5 3643.73
1229.76 3669.93
1227.2 3711.43
1230 3749.03
1232.88 3782.58
1225.87 3808.06
1223.13 3826.45
1220.16 3844.81
1221.22 3859.33
1225.5 3873.78
1227.32 3884.57
1231.66 3895.45
1233.49 3910.01
1235.74 3917.3
1233.44 3931.93
1236.93 3942.96
1234.74 3957.51
1237.53 3975.69
1236.95 3990.21
1236.83 3997.49
1237.29 4004.67
1235.39 4018.75
1237 4039.89
1237.95 4060.87
1235.41 4074.91
1229.45 4096.09
1225.71 4113.9
1225.48 4117.47
1226.34 4128.23
1229.68 4161.7
1219.93 4024.35
1227.29 3902.5
1219.84 3809.88
1210.21 3696.2
1216.01 3583.45
1217.44 3501.69
1189.61 2065.33
1192.61 2126.47
1193.82 2215.68
1194.63 2284.23
1192.3 2355.48
1192.94 2426.85
1195.56 2499.29
1199.04 2578
1197.62 2621.67
1201.1 2640.19
1204.18 2655.63
1205.41 2674.15
1207.31 2680.3
1172.9 2652.18
1197.96 2432.14
1198.16 2279.08
1260.19 5632.73
1193.76 2156.69
1259.75 5510.26
1247 5396.67
1242.92 5261.19
1244.86 5125.78
1239.49 4993.94
1245.69 4840.21
1237.19 4712.66
1233.19 4588.59
1230.41 4495.14
1227.85 4403.13
1229.86 4323.37
1235.13 4276.04
1231.21 4249.36
1231.51 4228.68
1233.3 4208.16
1230.59 4175.8
1234.32 4145.98
1228.8 4116.14
1221.07 4089.38
1222.73 4062.34
1223.23 4038.48
1222.18 4020.71
1222.08 4005.92
1220.32 3991.23
1220.57 3964.63
1222.56 3952.71
1223.18 3931.98
1225.03 3914.23
1230.31 3893.53
1231.99 3881.75
1236.04 3866.93
1235.16 3855.12
1233.28 3849.33
1232.58 3846.39
23 -5934
274 -6062
296 -5978
657 -6037
944 -6024
1064 -5997
1244 -5940
1334 -5964
1399 -5936
1408 -5909
1461 -6055
1573 -5954
1693 -5989
1742 -5978
1877 -5902
2045 -6076
2085 -5942
1276.57 -5981.57
590 -5824
786 -5836
846 -5833
1017 -5816
1049 -5855
1144 -5867
1390 -5826
1476 -5843
1645 -5832
1655 -5833
1855 -5872
1856 -5817
2289 -5869
1265.24 -5840.11
1 -8925
3 -8510
4 -9878
12 -7711
20 -8777
1270 -7804
1272 -6463
2277 -9303
2278 -9612
2280 -7057
2281 -6362
2282 -6730
2286 -9115
2293 -6998
2470 -6246
2475 -9014
2476 -9257
2479 -6586
2484 -8394
2486 -9468
2487 -8940
2490 -7716
2491 -6941
2495 -7745
2497 -7751
1332.42 -7543.12
1294.69 -7456.1
1296.53 -7433.36
1295.56 -7437.15
1292.61 -7463.61
1296.09 -7497.59
1299.07 -7550.96
1302.91 -7588.8
1307.4 -7638.11
1307.69 -7703.42
1308.98 -7730.31
1305.63 -7745.53
1305.63 -7745.53
1304.04 -7756.74
1303.54 -7760.45
1301.74 -7782.71
1300.67 -7786.44
1300.74 -7790.07
1302.02 -7797.33
1301.49 -7804.59
1304.42 -7822.75
1306.5 -7841.05
1307.21 -7848.36
1303.03 -7859.38
1378.27 -8217.81
728.212 -6437.78
1373.18 -8499.3
1086.03 -6562.16
1324.09 -8655.14
1258.05 -6609.77
1306.14 -8713
1293.73 -6590.6
1304.7 -8719.63
1291.09 -6463.05
1302.05 -8690.02
1288.16 -6296.17
1307.97 -8647.17
1271.39 -6142.32
1303.07 -8594.25
1298.49 -8538.69
1292.56 -8492.86
1294.6 -8459.75
1302.8 -8394.81
1305.11 -8340.54
1301.15 -8311.77
1308.55 -8260.01
1304.1 -8218.32
1300.94 -8179.84
1295.2 -8147.92
1293.37 -8118.9
1295.69 -8102.5
1293.7 -8095.89
1296.2 -8089.21
1301.97 -8059.62
1301.64 -8036.81
1303.4 -8014.13
1304.64 -7994.75
1307.81 -7981.81
1307.4 -7978.57
1305.75 -7975.31
1307.03 -7972.03
1305.52 -7965.47
1304.41 -7962.17
1303.8 -7958.87
1303.8 -7958.87
1303.39 -7955.55
1304.74 -7945.58
1303.55 -7935.65
1304.91 -7925.7
1302.79 -7922.4
1302.96 -7919.08
1303.91 -7915.76
1290.36 -6258.59
1280.87 -6600.99
1281.59 -6813.68
1280.22 -7027.79
1288.55 -7204.3
1290.21 -7364.15
1293.39 -7486.01
1299.59 -7597.55
1304.83 -7699.3
1302.97 -7743.28
1299.43 -7779.69
1301.19 -7805.64
1301.54 -7848.24
1304.65 -7858.01
1305.95 -7874.1
1305.89 -7893.57
1303.7 -7903.29
1303.7 -7903.29
1302.61 -7909.68
1302.61 -7909.68
1304.6 -7919.17
1302.87 -7928.65
1303.58 -7944.37
1304.17 -7947.48
1305.21 -7950.57
1305.21 -7950.57
1305.21 -7950.57
1305.21 -7950.57
1306.63 -7956.68
1305.43 -7959.71
1266.36 -6979.27
1264.04 -7086.84
1262.26 -7061.73
1260.86 -7040.42
1260.99 -7010.35
1258.27 -6997.44
1259.66 -6988.75
1260.91 -6980.08
1260.91 -6975.76
1158.59 -6157.37
1465.78 -8870.86
1315.36 -8566.89
1308.08 -8325.97
1303.48 -8167.76
1296.05 -8070.93
1302.71 -7998.74
1307.48 -7947
1305.59 -7911.18
1306.94 -7865.47
1302.22 -7844.16
1297.89 -7825.15
1299.64 -7815.29
1299.17 -7811.97
1301.05 -7805.12
1299.63 -7788.05
1296.79 -7777.76
1294.97 -7774.31
1295.74 -7770.76
1292.41 -7760.19
1289.91 -7753.03
1289.86 -7749.38
1289.86 -7749.38
1289.38 -7745.68
1286.58 -7734.49
1285.49 -7723.26
1283.19 -7704.42
1281.02 -7681.81
1281.02 -7681.81
1280.56 -7677.92
1280.54 -7674.03
1280.54 -7674.03
1283.77 -7730.2
1279.75 -7670.24
1280.93 -7662.51
1280.56 -7677.95
1281.02 -7681.8
1281.02 -7681.8
1284.39 -7692.91
1285.42 -7722.57
1289.69 -7748.12
1290.46 -7755.16
1294.64 -7772.28
1297.44 -7782.21
1300.49 -7801.86
1298.69 -7808.4
1299.14 -7811.56
1299.18 -7814.68
1297.47 -7820.92
1299.25 -7823.92
1298.51 -7826.94
1301.56 -7838.84
1301.56 -7838.84
1301.56 -7838.84
1302.39 -7841.73
1302.39 -7841.73
1302.39 -7841.73
1302.39 -7841.73
1303.32 -7844.58
80 -1760
303 -1700
422 -1722
607 -1724
1955 -1642
2304 -1707
10 -1611
30 -698
31 -281
34 -853
58 224
65 -236
93 120
105 -1641
111 -1198
119 -445
160 -556
161 -634
178 -1401
183 -415
193 -1175
208 -134
211 288
214 -519
217 -445
236 -1387
248 -1200
258 -1113
260 -1548
272 -564
277 -441
285 193
289 -1157
299 340
2089 301
2311 -1239
2338 -1086
2340 -344
2347 -360
2370 -94
2374 -811
2375 -170
2395 122
2401 43
2406 -12
2407 -441
2409 -47
2415 -580
2429 -465
2442 -8
2454 345
2461 -733
2469 -694
1279.9 -1611.11
1262.29 -698.034
1235.5 -29.8156
1275 -1730.1
1272.61 -1570.41
1268.54 -1400.81
1285.42 -1241.25
1265.2 -1087.15
1263.76 -954.491
1257.68 -844.387
1251.2 -735.461
1243.45 -674.295
1242.04 -620.271
1234.63 -580.318
1235.62 -551.409
1229.1 -494.056
1230.63 -454.269
1234.46 -403.659
1235.08 -349.681
1229.17 -306.909
1229.15 -267.638
1227.69 -256.977
1225.88 -239.02
1228.9 -224.554
1229.05 -213.9
1229.6 -196.13
1225.65 -185.481
1221.67 -167.608
1220.3 -146.109
1218.5 -128.212
1223.83 -95.9201
1221.88 -52.6189
1224.52 -19.9595
1222.75 12.5843
1222.36 41.5078
1219.97 55.8551
1220.9 59.4281
1221.4 66.6373
1218.91 73.7781
1219.54 88.1452
1222.09 102.448
1228.42 123.852
1232.18 137.903
1232.39 141.424
1233.23 155.477
1235.04 -344.516
1263.31 -927.964
1269.84 -1364.25
1223.89 361.064
1226.32 211.473
1223.92 106.3
1229.5 21.1898
1231.97 -36.8384
1229.2 -81.0877
1236.48 -111.171
1237.36 -155.104
1230.78 -192.536
1227.65 -233.206
1228.45 -290.818
1230.98 -347.346
1229.2 -396.77
1234.18 -419.557
1226.51 -445.808
1230.02 -471.661
1229.91 -487.742
1232.55 -494.117
1235.34 -500.449
1234.68 -513.297
1232.63 -522.608
1231.64 -535.066
1229.43 -541.318
1233.81 -557.074
1235.26 -575.949
1236.7 -585.255
1236.41 -600.996
1238.2 -616.585
1237.81 -626.127
1238.46 -635.444
1234.78 -647.902
1234.78 -647.902
1166.55 -130.222
1200.95 120.297
1201.71 335.607
98 849
123 708
156 402
169 730
174 488
1038 692
1124 674
1156 1002
1163 586
2419 659
2455 672
2473 995
2493 669
1213.33 970.416
1220.41 889.708
1215.59 813.57
1217.31 729.877
1228.32 650.129
1219.94 598.752
1219.51 563.195
1221.62 531.656
1224.29 508.244
1229.04 477.049
1223.22 449.854
1221.29 438.261
1221.35 426.744
1219.15 415.046
1220.66 407.378
1218.53 403.461
1216.66 395.782
1214.58 514.669
1212.48 883.817
1291.87 454.187
1219.71 868.191
1219.71 676.5
1222.9 520.062
11 1971
14 1243
44 1878
57 1614
2359 1590
2376 1983
2381 1172
2397 1067
2460 1559
2471 1628
2478 1224
2483 1562
1206.84 1997.29
1209.35 1798.61
1208.8 1624.89
1208.59 1415.55
1213.35 1280.76
1209.17 1147.5
1211.32 1050.95
1214.4 1233.36
1215.26 1491.61
1206.63 1707.09
1205.09 1903.17
1222.03 1812.82
1200.5 1459.93
1212.43 1136.88
1202.72 459.634
1205.82 533.389
1203.7 578.305
1202.31 597.791
1201.83 613.822
1201.84 628.704
1220.65 1208.93
1207.94 1167.41
1195.29 1141.72
1187.95 1122.41
1185.63 1116.93
1185.06 1137.15
1189.64 1186.34
1186.22 1261.15
1189.65 1347.99
1195.97 1459.31
1195.15 1540.91
1196.64 1614.91
1194.64 1673.32
1192.37 1713.11
1191.9 1752.8
1192.96 1795.16
1191.16 1846.97
1193.58 1914.65
1197.05 1991.61
1190.09 2011.07
1190.22 1855.28
1187.73 1696.52
1188.72 1526.23
1192.45 1383.57
1182.2 1213.29
1187.64 1073.28
1187.87 938.396
1192.12 834.739
1187.55 735.82
1187.42 642.374
1182.44 583.351
1180.48 530.445
1181.58 496.199
1184.65 471.112
1181.57 446.206
1181.65 424.532
1185.4 396.642
1185.07 378.324
1181.39 351.131
1180.35 330.163
1183.62 321.11
1184.2 315.129
1182.33 305.909
1182.26 296.922
1183.21 290.727
1183.78 278.797
1180.57 263.367
1176.42 248.242
1175.85 242.262
1174.8 236.317
1172.77 230.085
2266 -2159
2283 -2349
2284 -1926
2305 -2256
2327 -2022
2331 -2195
2332 -2275
2351 -1994
2361 -1954
2373 -2066
2391 -2130
2440 -2305
2449 -1966
2472 -2312
1217.49 -2365.55
1265.85 -2357.09
1269.58 -2400.31
1292.98 -2420.19
1290.34 -2241.63
1283.78 -2059.2
1289.97 -1891.88
1817 -1797
1882 -1779
1269.74 -1838.05
1275.85 -2239.19
39 -2966
81 -2641
91 -2960
179 -2505
675 -2964
757 -2728
810 -3008
835 -2487
857 -3015
863 -2908
868 -3130
903 -3025
973 -2476
990 -2867
1005 -2529
1652 -2536
1691 -3155
1748 -3110
1754 -2905
1798 -2783
2076 -3113
2084 -2469
2088 -2627
1267.9 -2492.24
1273.23 -2604.78
1271.67 -2721.91
1268.45 -2854.07
1267.76 -2958.18
1261.84 -3084.8
1278.16 -3059.51
1280.99 -2835.57
1282.85 -2603.96
1275.13 -2630.99
1277.04 -2929.58
1270.32 -3163.02
6 -3288
7 -4006
15 -3556
2063 -4655
2067 -3207
2086 -4639
2465 -4027
2496 -4303
2498 -3775
2500 -3318
1263.41 -3194.65
1260.28 -3256.56
1265.69 -3298.95
1271.56 -3337.35
1269.96 -3383.88
1268.2 -3430.37
1275.44 -3469.3
1278.13 -3496.26
1273.75 -3519.25
1270.66 -3534.77
1267.75 -3561.91
1273.94 -3589.03
1271.96 -3616.37
1269.2 -3639.59
1270.98 -3658.74
1274.81 -3674.04
1274.65 -3685.5
1276.1 -3689.25
1278.5 -4500.71
1285.8 -4104.86
1279.49 -3702.85
1278.7 -3374.52
1273.26 -4682.74
1277.74 -4600.13
1280.91 -4543.92
1289.22 -4506.19
1288.13 -4460.99
1284.22 -4415.99
1280.77 -4374.39
1283.96 -4302.86
1282.51 -4254.12
1279.08 -4213.01
1281.15 -4190.69
1283.64 -4164.76
1279.16 -4135.44
1283.82 -4120.67
1285.87 -4113.32
1283.94 -4109.7
1283.54 -4102.41
1280.71 -4087.97
1284.72 -4077.09
1285.73 -4062.71
1286.43 -4052.02
1285.65 -4041.39
1282.13 -4023.89
1280.14 -3989.3
1277.71 -3958.23
1277.41 -3930.6
1278.18 -3903.04
1282.6 -3892.67
1282.39 -3889.17
1280.67 -3878.87
1280.67 -3878.87
1277.91 -3872.12
1276.48 -3865.39
1273.81 -3858.7
1273.81 -3858.7
1272.09 -3855.34
1272.82 -3851.96
1269.11 -3361.22
1274.88 -3493.14
1275.72 -3605.29
1277.77 -3683.49
1279.79 -3764.21
1272.06 -3804.2
1276.2 -3844.04
1276.52 -3874
1276.72 -3900.27
1278.07 -3916.42
1280.19 -3939.28
1280.59 -3975.04
1283.01 -4021.56
1285.88 -4065.13
1282.29 -4098.87
1287.28 -4118.81
1284.35 -4138.96
1282.78 -4152.41
1282.41 -4155.74
1280.31 -4159.08
1281.28 -4169.05
1279.78 -4175.87
1279.78 -4175.87
1278.63 -4182.45
1276.92 -4189.05
1278.91 -4195.57
1279.4 -4198.84
1280.45 -4205.34
1282.08 -4208.58
1229.08 -4610.94
1234.68 -4382.32
1215.14 -4178.35
1188.96 -3963.43
1196.44 -3753.48
1182.14 -3548.51
1178.18 -3373.04
1190.56 -3258.98
1185.69 -3177.57
1185.06 -3092.84
1189.04 -3027.72
1191.14 -2950.79
1191.65 -2864.93
1194.37 -2788.18
1190.49 -2704.38
1192.1 -2621.45
1200.99 -2551.03
1197.56 -2483.02
1194.16 -2399.89
1195.85 -2314.57
1201.63 -2246.34
1207.47 -2171.21
1205.63 -2071.02
1206.1 -1975.85
1203.8 -1948.18
1203.18 -1936.25
1202.99 -1924.32
1202.81 -1912.45
1201.91 -1903.5
1201.79 -1898.5
631 -5793
16 -5666
19 -5356
29 -5397
35 -4937
1810 -5362
1834 -5652
1837 -5277
2054 -4945
2091 -5575
2246 -5436
2258 -4923
1240.15 -4966.93
1267.48 -5693
1266.66 -5569.08
1253.48 -5427.2
1257.66 -5279.18
1256.97 -5155.2
1249.55 -5027.89
1249.05 -4915.29
1268.23 -4791.25
1270.31 -5418.92
1208.23 -5435.23
1215.57 -4960.35
1239.08 -1836.02
1202.15 -1877.66
1203.48 -1930.41
1208.32 -2000.83
1210.42 -2080.56
1207.14 -2178.08
1203.91 -2290.63
1204.19 -2469.82
1198.9 -2646.96
1203.58 -2827.02
1190.72 -2982.23
1188.34 -3109.34
1181.58 -3204.71
1193.38 -3276.96
1192.72 -3355.88
1192.57 -3419.1
1205.92 -3489.07
1197.5 -3530.46
1193.96 -3572.08
1196.2 -3626.42
1195.48 -3650.59
1196.87 -3680.94
1197.62 -3699.25
1197.48 -3711.47
1197.48 -3711.47
1200.13 -3717.44
1198.45 -3723.56
1195.19 -3729.51
1195.19 -3729.51
1199.21 -3741.35
1198.98 -3747.28
1202.28 -3753.14
9 9409
17 8079
2474 9573
2477 8373
2482 8445
2485 9110
2488 9562
2489 8794
2492 8771
2494 7282
2499 8603
1332.23 9025.08
1203.07 8915.23
1165.58 8791.65
1171.14 8703.77
1178.49 8639.8
1190.53 8572.61
1182.03 8498.27
1189.97 8432.31
1197.93 8344.8
1196.82 8279.17
1196.02 8211.98
1200.51 8171.41
1210.7 8127.22
1209.55 8105.27
1206.9 8086.75
1211.25 8079.35
1213.11 8075.61
1211.35 8068.07
1211.11 8064.3
1211.24 8060.52
1210.26 8056.73
1209.37 8052.97
1226.55 7098.71
1230.51 7190.66
1224.6 7257.14
1224.29 7331.76
1222.39 7402.83
1218.05 7440.16
1221.79 7465.97
1219.7 7502.53
1214.72 7565.19
1215.42 7605.45
1213.22 7649.47
1211.57 7679.11
1211.52 7712.1
1204.09 7748.6
1204.85 7763.19
1204.79 7770.44
1202.16 7781.26
1203.22 7788.48
1203.22 7788.48
1203.07 7792.04
1204.75 7806.29
1203.9 7824.09
1208.81 7845.64
1211.07 7852.81
1212.63 7859.97
1211.56 7870.69
1209.03 7881.42
1208.13 7888.61
1207.03 7892.18
1205.55 7895.73
1205.42 7899.26
1205.4 7902.78
1203.49 7906.27
1203.49 7906.27
1202.1 7909.74
1203.73 7923.75
1204.42 7937.83
1205.34 7952
1206.61 7959.1
1208.9 7966.18
1208.82 7969.71
1208.82 7969.71
1060.45 8286.64
1144.67 8483.17
1166.85 8553.99
1165.71 8602.8
1158.34 8650.27
1165.01 8666.45
1161.76 8678.8
1162.34 8681.96
1164.43 8672.71
1164.8 8663.42
1165.86 8647.86
1172.48 8626.34
1172.63 8613.88
1177.81 8592.31
1175.85 8585.98
1174.61 8579.62
1176.85 8567.08
1179.41 8560.89
1177.75 8554.42
1176.43 8547.93
1173.72 8544.6
1177.04 8538.32
1183.99 8525.89
1188.21 8516.57
1189.17 8504.05
1188.3 8497.75
1184.57 8491.37
1186.86 8488.32
1186.86 8488.32
1186.86 8488.32
1187.46 8485.19
1191.46 8479.04
1194.36 8475.98
1188.65 8460.24
1192.55 8435.89
1188.71 8426.71
1184.76 8420.51
72 5773
73 5749
131 5820
2294 5849
2369 5868
2402 5858
2426 5777
1271.37 5992.1
1266.01 5798.4
1219.56 5927.1
26 6830
55 6750
68 6417
97 6687
114 6733
282 6472
1028 6865
2458 6947
2462 6927
2468 6495
2480 6648
1114.25 6597.47
1232.28 6257.66
167 6183
249 6175
408 6081
1578 6137
1595 6122
1732 6124
2143 6167
2256 6180
1217.89 6298.41
1226.91 6515.34
1226.37 6660.23
1223.65 6806.39
1223.87 6931.54
1226.32 7011.83
1562.61 6120.38
1474.27 6189.39
1369.72 6352.4
1303.96 6467.9
1285.14 6529.16
1271.97 6549.6
1276.97 6556.06
1274.39 6519.45
1268.62 6459.23
1270.6 6412.92
1278.23 6353.08
1270.71 6290.06
1268.65 6247.64
1275.95 6194.32
1274.68 6154.86
1277.24 6119.14
1279.38 6094.85
1276.36 6069.98
1278.5 6048.29
1286.02 6023.92
1282.94 5989.08
1283.65 5979.24
1287.36 5965.51
1280.15 5945.14
1273.95 5918.19
1272.17 5894.55
1272.91 5874.71
1269.21 5847.84
1267.65 5828.13
1264.27 5814.74
1264.83 5807.98
1266.89 5801.22
1263.97 5781.5
1259.72 5758.73
1256.81 5736.09
1262.1 5710.94
1281.79 6006.63
1286.76 6175.85
1289.46 6268.45
1287.29 6306.85
1292.37 6335.29
1292.47 6344.74
1291.79 6351.02
1292.01 6360.43
1297.39 6953.73
1302.01 6742.17
1301.51 6659.82
1297.31 6611.22
1298.26 6588.76
1299.24 6582.34
1299.33 6585.53
1299.89 6598.29
1300.74 6633.54
1301.3 6682.18
1301.32 6727.83
1302.1 6773.81
1305.67 6793.37
1304.73 6806.39
1305.43 6822.62
1306.52 6829.1
1308.95 6841.96
1308.88 6864.61
1308.94 6903.78
1315.14 6943.02
1315.1 6966.05
1317.8 7002.26
1316.8 7015.35
1319.32 7051.38
1316.47 7081.22
1317.48 7097.73
1316.41 7127.35
1320.86 7150.23
1318.21 7160.08
1315.45 7166.66
1314.78 7176.42
1314.06 7179.69
1313.89 7182.93
1259.44 6097.22
1380.84 8572.33
1280.96 5910.58
1358.69 8519.82
1266.91 5768.2
1363.5 8468.04
1365.25 8397.27
1359.79 8347.02
1376.55 8296.67
1375.12 8225.3
1360.69 8144.52
1353.18 8050.28
1346.09 7960.98
1348.13 7901.84
1344.86 7852
1341.09 7827.2
1339.9 7795.73
1334.54 7764.54
1332.6 7742.53
1332.38 7736.16
1333.43 7729.76
1330.37 7713.96
1330.69 7688.95
1325.65 7667.53
1325.3 7649.23
1331.34 7633.89
1332.89 7627.8
1332.78 7624.75
1329.65 7615.74
1328.47 7606.7
1330.1 7597.61
1328.64 7579.73
1326.92 7570.9
1324.93 7562.08
1323.44 7553.3
1321.65 7544.56
1320.08 7538.74
1316.49 7530.07
1317.11 7521.37
1317.11 7521.37
1317.67 7518.46
